Id,SalePrice
1461,106933.43774831091
1462,188508.6692555139
1463,202783.47810701295
1464,219553.5473057659
1465,217270.13691404887
1466,200675.66968992288
1467,211513.79139531023
1468,199079.1184049049
1469,190174.8816900139
1470,144777.43220408022
1471,226595.13529806526
1472,116548.45588648095
1473,116294.49759937233
1474,176246.22647023544
1475,127282.71648689851
1476,340628.17391071876
1477,246279.35706998478
1478,270933.1152238385
1479,267041.3438848718
1480,395045.61851701856
1481,322958.05406429374
1482,215783.35315484347
1483,209874.92178408153
1484,202211.38907456244
1485,222672.16771596653
1486,234597.48551068892
1487,327689.6263378614
1488,250992.6143947352
1489,216064.77181335632
1490,235526.08048003365
1491,229270.82058061712
1492,90345.76712636156
1493,173829.263006464
1494,294481.85237464774
1495,318037.78995892603
1496,251780.33363532647
1497,226255.48811412833
1498,187787.08926425246
1499,191719.8367608919
1500,173961.36768897492
1501,190441.2035931545
1502,192593.83946855922
1503,270350.35224554467
1504,261215.04663295692
1505,231241.93100250635
1506,215545.90976565625
1507,268053.22984910547
1508,213747.67603974807
1509,192529.8713485193
1510,167807.26852253237
1511,183347.48630792595
1512,191795.92158507917
1513,175384.21858731785
1514,195536.3681400132
1515,237291.71493808698
1516,166770.00440920825
1517,170570.58844937204
1518,138119.18614966056
1519,248837.13898896577
1520,155594.06065003024
1521,155591.64487898597
1522,186796.05995344452
1523,127370.45353555505
1524,131392.64291171991
1525,143213.57596024376
1526,126012.04403339233
1527,115289.34963230375
1528,146586.134360556
1529,150024.23186940787
1530,215068.40704444316
1531,150427.39815062407
1532,91576.82653090643
1533,193801.8829061365
1534,132973.01513567907
1535,155880.5465972862
1536,114126.99483614121
1537,40441.206957825954
1538,209548.10653879977
1539,263809.9798984319
1540,141931.1951857843
1541,173979.5608918828
1542,133205.18518941692
1543,219571.7973560649
1544,88354.99358279853
1545,147679.29403518705
1546,157124.2877560443
1547,140846.71252196128
1548,162253.48307771594
1549,155430.4796383309
1550,163610.45721572076
1551,100051.25766011867
1552,159398.83150275832
1553,181590.47160810503
1554,154975.1294379591
1555,155745.33735086655
1556,101111.30080071771
1557,106922.1588953383
1558,135768.2952829288
1559,97973.26075160489
1560,170150.56068886348
1561,96302.60523230268
1562,133193.42879399355
1563,106266.28890521129
1564,179429.03150188725
1565,163611.74622559352
1566,259882.9090406716
1567,59355.05726649935
1568,253894.0632937355
1569,126056.09497873794
1570,151805.13427487563
1571,109021.02478036303
1572,164505.83731812716
1573,269850.5175996477
1574,128026.9655866774
1575,256459.60381982673
1576,251523.72343343514
1577,202161.0245306971
1578,173885.7770646827
1579,145971.1475929154
1580,205021.21590189697
1581,162709.79053682712
1582,125322.66025893655
1583,303311.9297859645
1584,258624.07272388283
1585,185782.32223221206
1586,53845.25696916503
1587,117383.44327652667
1588,145953.3506951015
1589,126876.63085762167
1590,131538.05163071927
1591,92629.09527079675
1592,105825.08622220716
1593,119319.97086831601
1594,179141.3119154426
1595,100494.15415997198
1596,219611.05348127283
1597,184085.29509797794
1598,195878.238087434
1599,241629.83700074142
1600,215589.3100126446
1601,52387.38904642817
1602,133755.38325488666
1603,86027.72513355198
1604,278754.10838870803
1605,266577.90483654436
1606,178135.46950559743
1607,170169.67033003183
1608,244976.00048452092
1609,197642.11299223037
1610,174452.97816021813
1611,145849.57732929528
1612,170473.68923405462
1613,148491.16809978435
1614,156023.61781723442
1615,99680.31966414765
1616,73246.1480258357
1617,95666.633604099
1618,124331.3146612813
1619,146807.9744012488
1620,182464.54166261156
1621,144879.2098940755
1622,180506.12301498058
1623,283822.54627374816
1624,244581.64309165848
1625,134060.02186656045
1626,193286.14649821082
1627,219403.69918378594
1628,325183.19987001806
1629,196735.14916182187
1630,324977.64265853656
1631,206448.74820005914
1632,251840.0266197303
1633,212914.3669459437
1634,222490.66887312668
1635,209911.89704485316
1636,157631.47163818084
1637,199718.81378754624
1638,208979.58572917207
1639,194612.7485837659
1640,275235.7188069701
1641,211853.7063470357
1642,245467.19803191634
1643,249134.72690344736
1644,260642.43644285126
1645,182799.650949913
1646,188162.41278140733
1647,180427.46382441412
1648,148910.33704164578
1649,142524.46327351674
1650,133439.42236846173
1651,119933.9263493588
1652,114238.17823496541
1653,112386.48487164719
1654,164973.14060337044
1655,163718.2844069299
1656,163014.21855170326
1657,171039.57480014997
1658,207824.0805059635
1659,130074.72952721079
1660,198844.43451795788
1661,371755.1832369622
1662,349429.41836062446
1663,328080.8816236941
1664,404340.14639656513
1665,291314.95674466493
1666,315705.84034895734
1667,334846.75801186846
1668,322337.55566614727
1669,310131.98937024357
1670,334042.8146055528
1671,263566.0108823036
1672,378478.50576185854
1673,308607.67786228773
1674,254895.04528935268
1675,208689.38127324783
1676,201537.99356946384
1677,226837.1716106279
1678,404817.56984157115
1679,335733.293600882
1680,308380.3957822896
1681,261055.61125467636
1682,284078.28403209936
1683,211192.15045210344
1684,212345.12520954874
1685,221394.35843614687
1686,201263.29972034364
1687,209072.82002350208
1688,227894.37150721453
1689,229771.5384542951
1690,245806.61785410187
1691,226283.32208829268
1692,304498.74887058086
1693,193735.7010669945
1694,208805.5485253155
1695,178482.54346689614
1696,295543.1842132293
1697,186131.03450985436
1698,343798.26688090025
1699,306247.3608623372
1700,270357.580621794
1701,287176.45602674584
1702,242408.06458818176
1703,253382.17806149326
1704,278361.3932444782
1705,245527.05397460537
1706,382243.7964656572
1707,225176.0252615377
1708,214906.17584684072
1709,264164.6718441529
1710,226596.72067120718
1711,297784.5460353446
1712,263280.2160817178
1713,275651.3112692414
1714,242465.73985573024
1715,238393.38250171015
1716,195444.08029434687
1717,194227.5557278232
1718,129228.36850697949
1719,236123.11908551355
1720,246501.14032483907
1721,167268.29952801936
1722,99036.09441956946
1723,149488.16808258815
1724,231312.71403907443
1725,256821.32070847988
1726,222655.21265355518
1727,187945.66881206143
1728,210580.45783826525
1729,190116.06153093482
1730,195165.45770779834
1731,130591.45781911383
1732,119722.84928244955
1733,130578.73262302706
1734,129620.88303377831
1735,165213.56631844206
1736,102122.23450378708
1737,335551.50775560987
1738,251850.35923904422
1739,322361.1856698025
1740,227956.37160627462
1741,226827.84786133192
1742,194021.4120812846
1743,209957.8592166593
1744,318630.91660371714
1745,229104.00602333614
1746,253973.72371378212
1747,224358.502524358
1748,241140.19295953892
1749,149708.13854256226
1750,139139.0110920965
1751,261788.65287156918
1752,128560.36429402229
1753,165413.11417367027
1754,235937.02029805927
1755,178062.15707000188
1756,138530.5128421528
1757,134053.60010479446
1758,189457.26390338186
1759,178745.6480771317
1760,166766.1932050903
1761,156542.774754654
1762,225961.09936252277
1763,212470.52810146587
1764,125865.92545046814
1765,203088.06906055982
1766,213315.9727912702
1767,238511.3907520157
1768,173721.53746636334
1769,181263.82960384543
1770,207465.15765981373
1771,144580.4392885339
1772,150465.6273683132
1773,122067.67596147009
1774,154138.54230877906
1775,158088.01710740337
1776,146005.0069095282
1777,118353.86734127616
1778,192813.30596270607
1779,157393.1833879109
1780,205469.05063118192
1781,153538.2498693504
1782,96729.94715678645
1783,167815.15806352376
1784,139833.57188750638
1785,132563.10421770177
1786,138416.49830229147
1787,210858.04012463274
1788,11072.83721132492
1789,145853.63184797714
1790,69380.32923830493
1791,231055.06297473374
1792,159890.86147554868
1793,141267.70793433127
1794,208180.7462531687
1795,155462.63902662753
1796,172729.82280830306
1797,144730.33473300657
1798,131282.52075346417
1799,127308.3413493704
1800,133096.34121113396
1801,121777.71368645385
1802,133493.51029349398
1803,183660.048379446
1804,172835.2889610961
1805,154149.90571348282
1806,165172.20651418134
1807,191394.1145066962
1808,162469.9898504721
1809,156228.3802789877
1810,163017.95771457304
1811,84732.4901312028
1812,121968.23085866148
1813,147976.51111249992
1814,96241.64895252112
1815,41330.96458138683
1816,128258.56655362678
1817,153884.42321591568
1818,194416.2542199441
1819,161526.52420590364
1820,59708.19313042541
1821,105760.7050464324
1822,183488.5197385777
1823,46377.41647338128
1824,152716.90283432632
1825,140424.70112750665
1826,137017.880366879
1827,102962.12233115901
1828,155538.96850018718
1829,159649.31859895223
1830,187406.86932341498
1831,197633.70973880123
1832,119092.8564199635
1833,187027.42198261482
1834,164867.05343154428
1835,152127.12817843095
1836,158308.39773214265
1837,104671.1181709861
1838,150332.5253860471
1839,108657.48933768515
1840,120666.41497925326
1841,129915.5321765819
1842,101473.37304002709
1843,143532.20027436022
1844,142267.4208853534
1845,146449.61333195065
1846,176331.75742963614
1847,173161.8215226371
1848,31464.478915077634
1849,143632.0307364692
1850,144039.9352562622
1851,194183.63932751634
1852,131099.89288009788
1853,142541.5763534079
1854,164280.32829995046
1855,181163.0324403723
1856,248607.99901037535
1857,192398.7316146227
1858,164076.89571300297
1859,146310.60713005564
1860,145168.28266310936
1861,153632.49048319273
1862,298219.04459934775
1863,276289.88748474995
1864,280777.17611933395
1865,323373.85384826106
1866,314141.9334165789
1867,243159.63098203536
1868,273065.25980261486
1869,227079.07584082294
1870,256791.87179348923
1871,258648.7600372978
1872,215788.97512626555
1873,263065.45649601467
1874,157420.31378678445
1875,211830.76412605256
1876,211272.42323756393
1877,234940.27216393908
1878,213646.4958081032
1879,120717.01882400122
1880,152540.08732420276
1881,281279.85074820294
1882,264402.33178574557
1883,227626.56138750524
1884,236721.63836158242
1885,243074.65797103924
1886,274009.29383222957
1887,244621.96073959186
1888,275191.7344474626
1889,208209.8333153215
1890,123779.54473294802
1891,148099.38573023156
1892,118949.10199565123
1893,172222.8515790393
1894,130528.20793144763
1895,164044.47487208925
1896,146036.0850025292
1897,118695.54417724113
1898,122148.67584644932
1899,180094.19399155694
1900,163378.40853732868
1901,194070.43835378758
1902,134469.6065357941
1903,218854.2072316808
1904,113993.58147430731
1905,194266.12997437664
1906,144422.08991202674
1907,192459.75871299577
1908,126478.4104772991
1909,175306.3497696
1910,164422.77219303977
1911,208806.78671685493
1912,322452.17002610303
1913,172174.08822694945
1914,69735.32638957162
1915,299000.8384953739
1916,28978.185119613423
1917,288795.34463085275
1918,137255.84144056257
1919,179694.45422553498
1920,155747.94992339605
1921,359072.92054176057
1922,325378.05520225834
1923,264623.5720339231
1924,212022.57577220735
1925,251875.33586902212
1926,347413.5832210345
1927,151444.90396941124
1928,179256.6294397862
1929,123339.26597874623
1930,136846.57348104526
1931,124031.70445257855
1932,146793.09891808825
1933,238344.26529608868
1934,221866.3567746675
1935,196816.35087296183
1936,214344.86321197884
1937,204219.33150162274
1938,194561.7813732439
1939,260071.7378256154
1940,205399.16665550804
1941,207074.04167983186
1942,225162.99370311768
1943,228169.2011092139
1944,313233.2455074673
1945,344542.82986739173
1946,143409.8213291801
1947,255617.31464511933
1948,187013.87853198894
1949,246034.0246631607
1950,212148.00624591537
1951,281817.68644289207
1952,255677.88408311876
1953,194740.7338763585
1954,205401.80070283744
1955,150538.78163932156
1956,377099.0852140061
1957,175791.5289523795
1958,311707.4218209403
1959,155694.4868469285
1960,109291.73700021101
1961,124362.32644697334
1962,121728.48379847042
1963,122831.84549980506
1964,125967.9905194729
1965,173481.18797779165
1966,149395.5787721044
1967,296060.39569880866
1968,357930.14090974175
1969,345040.2168756479
1970,372416.5941173524
1971,382401.389426294
1972,333443.21925484284
1973,310418.03794112743
1974,324070.8704969026
1975,407707.33333066304
1976,296979.2059975496
1977,339096.8149643524
1978,322666.54596586165
1979,318138.11936120753
1980,208553.57866033615
1981,303130.63914833777
1982,237324.30329690466
1983,214934.19770027357
1984,218851.858036688
1985,270084.01193191326
1986,257719.78108945442
1987,214792.4806967594
1988,219061.52844775058
1989,235907.6074344049
1990,251208.55719800066
1991,228382.55106770937
1992,236932.17927181715
1993,205230.90643086354
1994,240936.23709750877
1995,204569.93049734645
1996,272571.40269741253
1997,300163.4543090609
1998,320933.2181287218
1999,275511.1175533369
2000,315658.196556632
2001,305541.64853066264
2002,228892.45357334235
2003,263841.4981673924
2004,307774.83591600636
2005,241930.8542371186
2006,220325.7374823095
2007,273026.5188985364
2008,231907.31240224955
2009,220542.3168654946
2010,232611.65880921914
2011,117347.7180894549
2012,204742.79068435627
2013,224917.47365434744
2014,214178.0200946416
2015,251317.93210416797
2016,223122.7864634008
2017,249858.2283955037
2018,111315.7855237843
2019,146054.08620912273
2020,100720.12684977589
2021,122895.18861365356
2022,188046.22324414377
2023,130075.34969678658
2024,288035.7976387153
2025,332043.16751842975
2026,200268.87667501273
2027,183323.07685064335
2028,184197.06773645463
2029,178425.78575368962
2030,284427.5050757036
2031,236253.15266176686
2032,259001.50823727268
2033,270787.47073553945
2034,197276.2805271921
2035,230479.3861929648
2036,222269.53741336823
2037,219196.35594978917
2038,330127.49012012105
2039,233080.90410557942
2040,335303.6571461485
2041,304807.50027690834
2042,227872.31878648323
2043,189846.36394665152
2044,204518.53071344199
2045,215749.30942068962
2046,141530.27949345042
2047,160277.6997323286
2048,154100.99350095543
2049,152226.9775735227
2050,213161.01912952075
2051,119376.26693023727
2052,158443.7959520253
2053,153573.04149619045
2054,89206.63489239398
2055,164620.7590274382
2056,171900.04524123447
2057,122895.53941687538
2058,259873.74911214472
2059,133047.5755151558
2060,179706.2646676797
2061,198985.4047002627
2062,143495.7211511665
2063,134451.02529604096
2064,143874.66166457284
2065,156827.3390154141
2066,204780.5413885739
2067,144495.3671185135
2068,165508.7645863855
2069,90598.4527246502
2070,139878.2289022883
2071,112234.66266423251
2072,155182.4258839209
2073,160165.66307179866
2074,198843.9760516104
2075,135990.86616385425
2076,142190.23502469028
2077,162625.94939115352
2078,122677.32422118419
2079,150719.54751569702
2080,115644.25319802797
2081,156090.5726614125
2082,119261.69738782384
2083,161285.36958570185
2084,123516.47691808277
2085,113408.13603058153
2086,117744.09472007371
2087,127081.83008956708
2088,120678.37674564144
2089,79386.3765198632
2090,181378.8228753392
2091,114824.97855918776
2092,152437.7809646959
2093,134820.43940929847
2094,140967.33692378615
2095,167621.111141493
2096,115537.99239967662
2097,125429.7712973099
2098,171015.34746585996
2099,62117.064080363634
2100,80117.74772111619
2101,153029.70407174222
2102,165966.1554951338
2103,124275.23962358036
2104,188694.27971457466
2105,175409.43835891408
2106,38758.477407089405
2107,223195.9161329767
2108,122943.77813284329
2109,108931.45776168593
2110,142560.2290298331
2111,157375.7887892979
2112,151332.15231654843
2113,132870.80128485063
2114,124547.36913327478
2115,193004.28175103996
2116,116827.17067787258
2117,156275.8841059528
2118,144052.92409871335
2119,143200.1238490982
2120,115686.77133843521
2121,103606.73574587506
2122,130594.60976606054
2123,91827.4699557333
2124,205425.41758225873
2125,169485.7124480799
2126,169719.180679484
2127,201402.24751940864
2128,203115.45433034233
2129,119172.34031457883
2130,155594.68127423082
2131,147162.68814873297
2132,134766.71173588387
2133,138683.8432456139
2134,136950.06480736166
2135,112460.18144174847
2136,47570.44834550578
2137,115437.27624428662
2138,128682.88092320634
2139,157142.75564236703
2140,145799.82248602362
2141,169552.45232192674
2142,128310.9390645604
2143,133244.62061438186
2144,124885.47095575
2145,147579.39343966535
2146,187161.3430831507
2147,157652.9543457337
2148,165398.68591067655
2149,166927.84595710487
2150,215405.4214190446
2151,138406.83605203763
2152,175488.54384018018
2153,193846.92473461246
2154,90652.01644355792
2155,183393.787781872
2156,303240.00269672717
2157,240688.25693999298
2158,267382.78972139035
2159,257533.2508647326
2160,220563.02166737878
2161,258806.1883932163
2162,333043.3994985409
2163,328064.08363796334
2164,280118.07527144346
2165,195864.86874728842
2166,146746.0347820908
2167,238562.04863376994
2168,206173.0700670842
2169,237886.90096337578
2170,242329.67485002964
2171,148939.55330379095
2172,132288.8881981515
2173,181896.6401230923
2174,257156.41021593002
2175,314955.968658702
2176,295402.77284552145
2177,265176.7706825563
2178,236606.49371884816
2179,195143.21140392122
2180,236312.3893587435
2181,210849.91851974354
2182,242447.03782266146
2183,206700.20644705146
2184,133273.86554990947
2185,144843.77061351071
2186,163151.8280159037
2187,170615.7445040246
2188,202567.12450207287
2189,296378.4800727861
2190,84148.16583652739
2191,96499.08547228908
2192,102547.0348772954
2193,127925.62857498386
2194,125280.8415178284
2195,134658.03764443623
2196,132021.3052279039
2197,119577.34741385913
2198,170899.2573024717
2199,194731.07739072078
2200,149602.0815991429
2201,148748.66201925112
2202,222532.87303717434
2203,151798.1645668084
2204,200093.23194165275
2205,114242.14788060563
2206,143766.2616472524
2207,238150.4471968896
2208,273939.8899630421
2209,221247.17860829338
2210,130742.25949390269
2211,133236.26924447285
2212,141817.096189709
2213,127296.52151320205
2214,136600.10799634235
2215,118456.00712820858
2216,182260.99253580763
2217,75289.27653948253
2218,114468.1617519967
2219,91175.15227622997
2220,96550.74779239773
2221,295396.3528344145
2222,267009.7755569609
2223,304173.22145553166
2224,227343.38416103186
2225,158603.87858769778
2226,179282.1092844422
2227,247876.10985976603
2228,298288.12906484434
2229,271791.91681620054
2230,175118.3717806403
2231,258303.15114519547
2232,166695.46875594935
2233,204731.2170484604
2234,251508.70799529445
2235,250002.44862254633
2236,277429.6154944709
2237,330617.08583469177
2238,233896.10373443156
2239,71141.73702594724
2240,181279.845361222
2241,158460.78642018297
2242,142481.36260384714
2243,143894.1000238881
2244,121420.18257203093
2245,106523.85842356266
2246,148513.69946049765
2247,131662.3444325356
2248,129061.37988815433
2249,119010.79464381436
2250,140959.2569993694
2251,123586.18442176949
2252,195919.68977720707
2253,173838.6939215257
2254,191813.19451491654
2255,215465.5029726717
2256,237609.70297516798
2257,230776.07184964948
2258,175209.05704156175
2259,187174.95731884128
2260,163204.1503276493
2261,212653.14186934038
2262,219088.33299084273
2263,344294.4909302717
2264,360355.40013523214
2265,147422.76608012748
2266,260928.96938751388
2267,305192.7552120425
2268,337682.7428336481
2269,161980.39010270743
2270,234649.1021773137
2271,241365.00286758534
2272,241068.04906510212
2273,187712.95856074625
2274,188878.5187319883
2275,152356.02775068366
2276,182120.9282309072
2277,191027.99404143685
2278,160260.5902682757
2279,122913.90020299685
2280,119080.94456373336
2281,198151.47997802086
2282,217339.60758058834
2283,124909.8162917062
2284,140522.90790677088
2285,154275.8161142956
2286,138795.27249815222
2287,336986.91036124574
2288,258653.33829934645
2289,342094.8390441472
2290,366038.9065896501
2291,320904.6347941655
2292,363402.80990583263
2293,398399.71703487297
2294,338067.3042419286
2295,376391.20883283054
2296,250967.11328721922
2297,329882.66972861555
2298,326330.7818644793
2299,326889.0803467055
2300,324261.68156103767
2301,301435.0527916691
2302,261865.58574091992
2303,241731.5022100543
2304,258625.88894357008
2305,213581.65798737135
2306,214598.8690786232
2307,216638.4271422742
2308,221028.30473464457
2309,286844.7388079759
2310,226392.5479506073
2311,230038.70748434454
2312,184245.61705582414
2313,203626.38077615644
2314,188021.21310768518
2315,221153.49137804442
2316,221249.87733633735
2317,211391.88302945168
2318,214943.2944873504
2319,222492.32693124132
2320,207311.0282858456
2321,281185.7130347717
2322,210278.82288888982
2323,219046.06610572277
2324,208651.41644516235
2325,217978.45173930546
2326,206300.6474809571
2327,250837.13289477967
2328,262086.3210688055
2329,192455.34120024927
2330,189703.0010499074
2331,337744.27724948
2332,372944.45168959035
2333,345901.61421151896
2334,292215.5389152613
2335,269889.6816080542
2336,349896.66929156054
2337,182555.8850133617
2338,254339.61205747357
2339,239703.63038945835
2340,356166.21722721006
2341,191807.1696484691
2342,246823.60319918348
2343,235875.9886884442
2344,265566.091294672
2345,258781.62753900286
2346,222349.0888969141
2347,214286.22835542628
2348,266973.01104542724
2349,203141.16199632487
2350,302139.6274332582
2351,257094.77511773288
2352,275678.5280669105
2353,275704.73846760916
2354,126691.30791460694
2355,153969.3746525466
2356,153080.84585621787
2357,213463.381013713
2358,231261.73741318876
2359,133619.70752017215
2360,104439.53367004068
2361,167200.13782601975
2362,280420.19482383167
2363,138413.53288987576
2364,172577.55829705362
2365,239747.9629739042
2366,214972.15593702171
2367,234834.8913164747
2368,226629.01611707712
2369,240242.10866964274
2370,161866.7173672859
2371,189831.20543649024
2372,191533.2495807912
2373,262409.02643550554
2374,291829.9290184378
2375,248629.4492471533
2376,289468.52398656844
2377,316703.3296354688
2378,144207.2479474103
2379,245337.44148427367
2380,145071.39253306392
2381,202759.16830869118
2382,222821.50329244055
2383,202234.4067449245
2384,254472.71034038224
2385,196304.49101870717
2386,155142.95789132724
2387,143124.49014094492
2388,105356.84766069
2389,157605.4186438619
2390,158182.1043002672
2391,173513.1539741325
2392,117056.93859523148
2393,192432.25922163227
2394,162149.1205958931
2395,235586.01377137913
2396,149796.15527977215
2397,235582.52957390033
2398,125686.92026679736
2399,30992.767524640978
2400,55866.77402944068
2401,94361.39657280818
2402,147496.50442181638
2403,162318.61517082242
2404,150633.33638750686
2405,178155.647257142
2406,163455.71556058305
2407,137885.34559776794
2408,160396.65952708648
2409,133616.46485111475
2410,177645.76622977902
2411,131336.38692407115
2412,163430.44825655821
2413,147108.0459840479
2414,170425.73574736147
2415,147646.89373516408
2416,144118.9451198962
2417,163083.99671822556
2418,135756.6668962484
2419,120312.05682793376
2420,130186.33597707559
2421,165192.45033440337
2422,117971.16017474208
2423,126335.183538844
2424,132571.28918694792
2425,239047.1099854054
2426,150821.53924141225
2427,149770.65452244272
2428,161645.04950873752
2429,120567.18196906487
2430,147708.31637999596
2431,114908.58313591316
2432,154866.93485681782
2433,142756.5288873579
2434,156332.78973789403
2435,170420.4152041926
2436,109051.25902264335
2437,94629.77991540106
2438,121716.27360469624
2439,132867.91170340788
2440,151940.78638492766
2441,110860.68700569733
2442,101235.69662275526
2443,141589.1444186418
2444,155750.00072843957
2445,101022.0459161846
2446,156781.1725899577
2447,248220.16211703146
2448,165304.01848426228
2449,148770.04452597856
2450,188335.2443618274
2451,152883.516502372
2452,254534.84812202764
2453,109594.20355895678
2454,129757.43605752513
2455,147822.25163464423
2456,119994.47569682065
2457,142991.66106219884
2458,145079.41983613858
2459,124673.55165205637
2460,157066.52157102118
2461,147355.87568826997
2462,140705.2839340816
2463,162557.82467741595
2464,208254.13758766218
2465,172727.36459740385
2466,123230.8784096024
2467,165567.93467478704
2468,103464.43606385445
2469,103674.43803537881
2470,208168.0861983024
2471,230578.92992619277
2472,192620.1760407763
2473,144108.9397575982
2474,52318.35670472974
2475,243467.2713263413
2476,122624.68924201044
2477,130771.78833774656
2478,154943.3649557274
2479,85547.91179859905
2480,161915.10957640124
2481,120822.99456451209
2482,111685.51871329224
2483,118317.18179429787
2484,126830.92119844427
2485,120927.8982118097
2486,143049.0487667161
2487,197685.79921005893
2488,195403.75018136756
2489,175238.0214458501
2490,107851.77628462447
2491,104103.30364396209
2492,200578.0870842266
2493,174501.01779065048
2494,173422.081298756
2495,99003.40934665309
2496,260611.5292983015
2497,185201.68648836948
2498,121042.5569527637
2499,86098.2591536577
2500,156750.79048477428
2501,140051.19421774877
2502,152680.7216258511
2503,99779.22171079782
2504,179862.94715729996
2505,264852.6220068836
2506,266394.93268098007
2507,299319.4360641455
2508,252812.4555925501
2509,236376.47204661087
2510,224464.2652972558
2511,201933.79103081278
2512,231772.47755316857
2513,245372.5346119189
2514,302147.40229795367
2515,146941.76989239658
2516,191493.57447209037
2517,142118.77252967027
2518,157195.30155512822
2519,254181.03876784525
2520,239269.47369494734
2521,229635.95876462222
2522,255422.1419673925
2523,132585.45900548412
2524,132381.55140403003
2525,141848.34846018042
2526,146383.80559497132
2527,101960.1915712227
2528,148069.9482432819
2529,173400.85677302387
2530,138528.51449481992
2531,253069.9509678213
2532,249545.73064781685
2533,236892.5023393662
2534,252986.73558889868
2535,316127.5617676837
2536,260661.25873267406
2537,261917.77829259614
2538,220661.2737359011
2539,218347.69552242127
2540,204208.75951536605
2541,220805.6884766188
2542,209906.90081746716
2543,119422.14362682821
2544,121900.56942983127
2545,148931.4682948632
2546,173700.91175851237
2547,139562.20747865143
2548,205919.0137371352
2549,176789.9178321296
2550,586082.6296833949
2551,146531.78628966067
2552,118698.11308946717
2553,71988.42202250312
2554,96793.1072460619
2555,132383.3574183531
2556,101469.33835398266
2557,118824.24223557522
2558,189667.5956080654
2559,129799.00620772905
2560,143220.25070217217
2561,153831.23826294957
2562,146377.46118351028
2563,158602.0496859821
2564,197102.62459007403
2565,165603.24809054358
2566,149208.32391024235
2567,153378.31883031243
2568,181662.02277526024
2569,196577.2865867054
2570,142650.7717323171
2571,173835.3261336512
2572,181727.7057855551
2573,213945.2738755741
2574,296456.3786076182
2575,191550.0350245085
2576,139774.4724842357
2577,156872.01328418605
2578,85338.63865971017
2579,52599.263990580555
2580,129091.45082710394
2581,137594.51792762827
2582,175183.41308273643
2583,275386.9272640047
2584,174627.33485052915
2585,232960.17769671095
2586,228874.0932026483
2587,197488.78650905075
2588,132185.4155553283
2589,151202.2320055485
2590,246693.51099768252
2591,258770.56591826945
2592,233226.1885822282
2593,244816.96402925847
2594,189181.31983119843
2595,213982.47718354245
2596,306585.31985702517
2597,205852.16262208027
2598,287983.56015160517
2599,300063.2332394806
2600,164525.20407672273
2601,147843.6478212049
2602,101992.92380251735
2603,117672.88668455395
2604,89517.34051061865
2605,75119.91635955454
2606,156149.57806471194
2607,214144.20423121864
2608,196872.39378385156
2609,194062.78988469194
2610,100721.54043406284
2611,158141.23148177261
2612,164411.2199590107
2613,138643.54307905285
2614,123407.39420969575
2615,192139.38410975254
2616,166558.69209536148
2617,221394.28007674892
2618,220710.58700124116
2619,214459.10826246254
2620,202794.84903467458
2621,198554.64483327878
2622,201835.43081682612
2623,265460.4853557092
2624,291572.3839422941
2625,291796.08030536317
2626,178709.86281724606
2627,176410.6848102104
2628,370761.20507911965
2629,399369.41476950736
2630,337526.4521839837
2631,391123.225769914
2632,346770.06579537666
2633,274355.6541400999
2634,321261.1883087675
2635,157038.85800336
2636,191134.129246105
2637,198418.77928223548
2638,267069.94662079995
2639,206901.9466254501
2640,148641.6947266262
2641,91508.52674249289
2642,245753.3631306477
2643,131935.63625508544
2644,158386.90327455752
2645,141569.63743519058
2646,116979.57043194442
2647,123208.93743584648
2648,168395.5771421025
2649,164289.0209984126
2650,145731.12394000252
2651,173636.96426736415
2652,349150.92042818095
2653,266509.1711791367
2654,257253.19271316403
2655,368403.4367716672
2656,312064.372282095
2657,321282.9871041701
2658,281383.41047816206
2659,309300.0347039851
2660,323112.4714609469
2661,308853.1962677208
2662,345049.10121427884
2663,282214.2272864842
2664,273135.51131634926
2665,309890.7717584178
2666,274478.0015953672
2667,197501.34207799216
2668,214221.37136574904
2669,202546.24471363868
2670,309392.85687666276
2671,241151.76681654464
2672,228665.48578319338
2673,236451.39130214162
2674,251371.13530612225
2675,202309.70963372503
2676,229982.5300274576
2677,206101.85609528804
2678,284395.75829194783
2679,286485.9542183677
2680,291842.3963575597
2681,351766.0337417815
2682,327348.6471130835
2683,376308.1544378056
2684,320073.39086117374
2685,337470.1058109862
2686,242554.84887049624
2687,271487.4558776594
2688,224077.15998488714
2689,222122.55255213077
2690,342842.03153903515
2691,225631.76261639572
2692,124074.33905541616
2693,208241.81816696533
2694,107473.61837563521
2695,238978.87697834405
2696,225753.07433116453
2697,195755.2399679812
2698,236354.28192876553
2699,203072.33007809683
2700,189151.50799987666
2701,178119.64284013008
2702,103077.92633647531
2703,162859.61989473476
2704,163269.00772807933
2705,105910.79875942189
2706,107126.73465673365
2707,106234.87084877462
2708,131099.68159492098
2709,107300.56628728638
2710,125018.15909074288
2711,275590.97203829756
2712,353152.30606589303
2713,190692.1880050467
2714,186091.14389885712
2715,193205.20051654117
2716,186986.2396606141
2717,212568.0858285024
2718,228368.52107982367
2719,150731.4620013644
2720,183905.74456065736
2721,142792.73058387026
2722,172165.15774023422
2723,168357.45109811006
2724,99173.73979014633
2725,142845.61592291185
2726,141188.78708470488
2727,175324.09847617164
2728,199494.98866361246
2729,186491.75624337242
2730,154769.4659471686
2731,151061.39335365055
2732,128573.17786013335
2733,168529.70461300752
2734,142825.83486383717
2735,157971.97639594204
2736,160744.71110539543
2737,135315.0972458452
2738,142181.90460709386
2739,180836.33060407708
2740,169620.36742270927
2741,139485.24838286728
2742,172454.111194923
2743,152055.91325817571
2744,159486.21460647744
2745,186479.57748547918
2746,133691.9434884284
2747,184935.83933441338
2748,156514.72294688658
2749,138031.58261598632
2750,133957.80438970128
2751,143261.74594491057
2752,216072.2650043265
2753,165114.5982922304
2754,250556.25332863006
2755,153483.21936591828
2756,98992.38915542478
2757,51692.823530581576
2758,107676.37215986833
2759,205431.59111723964
2760,148117.87501909968
2761,137485.0745331083
2762,155898.37908194482
2763,201195.61741349762
2764,185375.00893755077
2765,268511.2388872546
2766,155216.72860016563
2767,88191.9839937701
2768,122792.53553265712
2769,135550.9599714218
2770,154843.00270138145
2771,113925.72421312316
2772,106039.68237868736
2773,226576.79731641864
2774,169248.28013672266
2775,132199.2734070041
2776,192455.20114462497
2777,197656.13924869278
2778,159264.48470723905
2779,180530.62422039692
2780,119036.3187403343
2781,109144.27242556575
2782,99110.83413327536
2783,130678.01982254391
2784,145696.23032173875
2785,170933.47519504468
2786,56113.483613648525
2787,149911.3019865683
2788,61050.75365061748
2789,219180.87382953422
2790,122209.35632052006
2791,128617.0573327117
2792,35735.40702699061
2793,165381.1305202405
2794,120843.65274152978
2795,142735.6467794762
2796,101959.20744958297
2797,186708.48440197998
2798,137390.42899140326
2799,124845.5273673
2800,80197.795361234
2801,121039.32415028595
2802,120823.05899786367
2803,148087.2537837795
2804,179875.74593753886
2805,109622.38112698389
2806,74725.20050056175
2807,184399.62737434983
2808,160422.97319332155
2809,147336.6950109413
2810,137975.4867903543
2811,155067.47426687178
2812,143277.21649421693
2813,181072.95735496446
2814,187978.69973256026
2815,100855.89699190238
2816,222579.604423504
2817,156163.9704078436
2818,106304.32940654748
2819,198648.3826305709
2820,178938.14706656768
2821,134491.79183299295
2822,196083.37351109777
2823,304474.91868350306
2824,181284.79796959352
2825,166029.20893491892
2826,151560.70049292946
2827,166494.23693606598
2828,264390.62733714224
2829,226739.33791457186
2830,261493.05005707996
2831,210274.62540817112
2832,263887.4326706326
2833,309719.1182408944
2834,242303.8118687388
2835,237855.92523173647
2836,223906.57413679367
2837,190238.47194229125
2838,145222.33613229275
2839,192233.8327942686
2840,198885.95406570507
2841,239884.95141036593
2842,258469.2952059355
2843,156786.78372951853
2844,161717.7686687978
2845,133921.78303374595
2846,249094.67998731384
2847,221850.78338877368
2848,225587.56297579146
2849,238999.22021141177
2850,317790.7936780397
2851,232478.28097132334
2852,255077.37882902726
2853,266519.91841369343
2854,184325.43618183993
2855,239331.9642778883
2856,232409.94933387364
2857,222747.30803346037
2858,216263.48765603092
2859,122594.45970725261
2860,129295.03744897761
2861,125379.83913136364
2862,237509.60999965086
2863,126761.36876250544
2864,271362.6536976767
2865,153955.46634264637
2866,206509.16012118585
2867,110374.4936205981
2868,113066.58462350129
2869,126730.72723935753
2870,145203.51677017356
2871,69105.17827987552
2872,7048.016274438676
2873,138395.8737049713
2874,164652.79717393563
2875,139892.00576186803
2876,176649.73336835165
2877,172386.3794577926
2878,191865.26778588214
2879,144412.2010381606
2880,122777.09900886111
2881,158295.5367333463
2882,181759.41309334643
2883,230779.26611011222
2884,207099.36201460884
2885,197230.9825741478
2886,218851.8964162048
2887,94634.1645949061
2888,185636.075127924
2889,55377.276988054844
2890,74594.17295545786
2891,163539.97558711912
2892,35274.36081874676
2893,86349.98349042462
2894,66075.52100659988
2895,296712.81994580623
2896,272724.37121427164
2897,220723.52838437393
2898,157299.7238750944
2899,234905.3606590946
2900,160971.85280950373
2901,217055.74628275167
2902,223075.7531786383
2903,328427.35709209176
2904,337433.8329952109
2905,75957.3803501177
2906,236838.3532034585
2907,127190.11286373183
2908,130608.80463731088
2909,151739.36864272167
2910,67545.96664151776
2911,90859.53520284653
2912,152139.93265650267
2913,98956.7496428153
2914,81897.43269133111
2915,93895.29249022606
2916,91477.54506371116
2917,179002.70070918452
2918,88962.73422785164
2919,289645.24871565856
